EAR: 0.39742183831235334
MAR: 0.051057025676711235
PERCLOS: 0.037037037037037035
POM: 0.0
POY: 1
Fatigue: normal
FPS: 20.473080308842192
ROLL: -1.73
PITCH: -18.93
YAW: 1.24
