EAR: 0.2911655539555711
MAR: 0.16472542448409364
PERCLOS: 0.0
POM: 0.0
POY: 0
STATE: normal
FPS: 21.14473373334189
ROLL: 1.05
PITCH: 3.1
YAW: -5.71
YAWPER: 0.0
