EAR: 0.3557849458307677
MAR: 0.12744068549747894
PERCLOS: 0.0
POM: 0.0
POY: 0
STATE: normal
FPS: 5.186560168315735
ROLL: 4.54
PITCH: -6.97
YAW: -0.45
YAWPER: 0.0
