EAR: 0.5399116912498167
MAR: 0.49118546774437466
PERCLOS: 0.0
POM: 0.0
POY: 0
STATE: normal
FPS: 0.09764660536778624
ROLL: -9.34
PITCH: 4.35
YAW: -41.48
YAWPER: 0.03333333333333333
