EAR: 0.2520944144294102
MAR: 0.12457199985952366
PERCLOS: 0.037037037037037035
POM: 0.0
POY: 1
Fatigue: 0
FPS: 28.201981178059505
