<<<<<<< HEAD
EAR: 0.5399116912498167
MAR: 0.49118546774437466
=======
EAR: 0.2911655539555711
MAR: 0.16472542448409364
>>>>>>> c5d5d639b5e277ac2ac015235306522ad7f72b79
PERCLOS: 0.0
POM: 0.0
POY: 0
STATE: normal
<<<<<<< HEAD
FPS: 0.09764660536778624
ROLL: -9.34
PITCH: 4.35
YAW: -41.48
YAWPER: 0.03333333333333333
=======
FPS: 21.14473373334189
ROLL: 1.05
PITCH: 3.1
YAW: -5.71
YAWPER: 0.0
>>>>>>> c5d5d639b5e277ac2ac015235306522ad7f72b79
