EAR: 0.323754921193837
MAR: 0.027962058762239117
PERCLOS: 0.02962962962962963
POM: 0.0
POY: 1
Fatigue: 0
FPS: 27.22710727932767
