EAR: 0.29821570254381097
MAR: 0.11150454397371336
PERCLOS: 0.022222222222222223
POM: 0.0
POY: 0
Fatigue: normal
FPS: 29.21825975988805
ROLL: 2.01
PITCH: -5.07
YAW: 0.68
