EAR: 0.3100027240425056
MAR: 0.007378217071374441
PERCLOS: 0.0
POM: 0.0
POY: 0
STATE: normal
FPS: 4.918193345580404
ROLL: 6.42
PITCH: -11.12
YAW: -5.68
YAWPER: 0.0
